,Time,Low,High,Open,Close,Volume
0,1520137620,207.15,207.16,207.15,207.16,43.200818549999994
1,1520137560,207.15,207.16,207.16,207.16,97.91014901
2,1520137500,206.91,207.16,206.92,207.15,70.741647
3,1520137440,206.91,206.92,206.92,206.92,14.741768659999998
4,1520137380,206.91,206.92,206.92,206.92,36.01467656
5,1520137320,206.91,206.92,206.91,206.91,10.117415970000001
6,1520137260,206.8,207.0,206.99,206.91,46.179028980000005
7,1520137200,206.99,207.2,207.19,207.0,54.20945669
8,1520137140,207.2,207.2,207.2,207.2,43.77878447
9,1520137080,206.96,207.2,206.96,207.2,25.65808736
10,1520137020,206.88,206.95,206.88,206.95,33.95375073000001
11,1520136960,206.5,206.51,206.51,206.51,106.31723458
12,1520136900,206.5,206.95,206.94,206.51,69.25331072
13,1520136840,206.94,206.95,206.95,206.94,14.62186785
14,1520136780,206.92,206.95,206.92,206.95,98.84573152000002
15,1520136720,206.92,206.93,206.93,206.93,84.19013625999997
16,1520136660,206.85,206.94,206.86,206.93,79.01530516000001
17,1520136600,206.85,206.86,206.86,206.86,125.61929976
18,1520136540,206.85,206.86,206.86,206.85,243.48128940999993
19,1520136480,206.85,206.86,206.86,206.86,43.3990765
20,1520136420,206.59,207.1,206.59,206.86,97.17458998
21,1520136360,206.58,206.59,206.59,206.59,81.52112868000002
22,1520136300,206.5,206.59,206.51,206.58,310.63300946
23,1520136240,206.5,206.51,206.51,206.51,54.490717149999995
24,1520136180,206.5,206.51,206.5,206.51,25.686709539999995
25,1520136120,206.43,206.51,206.44,206.5,95.59350957000001
26,1520136060,206.43,206.46,206.46,206.44,59.28968957
27,1520136000,206.45,206.51,206.5,206.45,109.39301623
28,1520135940,206.5,206.51,206.51,206.51,69.36965199
29,1520135880,206.5,206.51,206.5,206.5,62.469575060000004
30,1520135820,206.5,206.51,206.51,206.51,7.10060676
31,1520135760,206.5,206.51,206.51,206.5,33.2898751
32,1520135700,206.5,206.85,206.84,206.5,363.07436967000007
33,1520135640,206.84,206.85,206.84,206.84,105.81514384
34,1520135580,206.84,206.85,206.85,206.85,163.17876323000002
35,1520135520,206.52,206.85,206.52,206.84,93.98633527000001
36,1520135460,206.5,206.58,206.58,206.52,20.33434822
37,1520135400,206.57,206.85,206.85,206.57,100.96882058
38,1520135340,206.84,206.93,206.93,206.84,45.679300360000006
39,1520135280,206.8,207.0,206.8,206.91,363.00316619000006
40,1520135220,206.54,206.7,206.54,206.7,67.97679672999999
41,1520135160,206.53,206.54,206.54,206.54,123.30776574000001
42,1520135100,206.53,206.54,206.53,206.53,33.37683278000001
43,1520135040,206.53,206.54,206.53,206.53,28.020856320000004
44,1520134980,206.53,206.54,206.54,206.54,45.36885482
45,1520134920,206.53,206.64,206.64,206.54,29.618769039999997
46,1520134860,206.53,206.85,206.61,206.53,72.43051089000001
47,1520134800,206.9,207.2,207.19,206.91,80.25043103999997
48,1520134740,207.19,207.2,207.19,207.2,61.843676880000004
49,1520134680,207.16,207.2,207.17,207.2,36.47314896
50,1520134620,206.37,207.17,206.37,207.17,127.32477225000001
51,1520134560,206.35,206.38,206.37,206.36,69.18681465
52,1520134500,206.37,206.38,206.37,206.38,75.89527795999999
53,1520134440,206.37,207.0,207.0,206.38,106.45184855
54,1520134380,207.0,207.2,207.2,207.0,776.1263749500001
55,1520134320,207.2,207.23,207.22,207.2,165.64208312999997
56,1520134260,207.22,207.23,207.23,207.22,40.80580625
57,1520134200,207.22,207.23,207.22,207.22,59.83910564
58,1520134140,207.22,207.27,207.26,207.22,62.16195542
59,1520134080,207.3,207.51,207.5,207.3,66.69786785
60,1520134020,207.5,207.51,207.5,207.5,241.78477766999998
61,1520133960,207.51,207.6,207.6,207.51,31.107201009999997
62,1520133900,207.59,207.61,207.61,207.59,99.3253965
63,1520133840,207.6,207.61,207.61,207.6,290.75170665
64,1520133780,207.6,207.61,207.61,207.6,321.44851046
65,1520133720,207.6,207.66,207.65,207.6,308.97253063000005
66,1520133660,207.65,208.12,208.12,207.65,201.88329728000002
67,1520133600,208.1,208.13,208.1,208.13,11.863652890000001
68,1520133540,208.1,208.11,208.1,208.11,43.23420308
69,1520133480,208.1,208.11,208.1,208.1,78.44491516
70,1520133420,208.1,208.21,208.2,208.1,188.77212829000004
71,1520133360,208.2,208.31,208.3,208.2,52.56047918000001
72,1520133300,208.3,208.31,208.31,208.3,39.58830760000001
73,1520133240,208.3,208.31,208.31,208.3,38.266304579999996
74,1520133180,208.31,208.33,208.31,208.31,36.68527661
75,1520133120,208.3,208.31,208.31,208.3,12.2849111
76,1520133060,208.25,208.31,208.26,208.31,38.57107364000001
77,1520133000,208.25,208.26,208.26,208.26,34.96626039
78,1520132940,208.25,208.26,208.26,208.25,36.12336592
79,1520132880,208.26,208.26,208.26,208.26,22.62238763
80,1520132820,208.25,208.26,208.26,208.25,24.03714585
81,1520132760,208.25,208.31,208.31,208.25,65.48543931
82,1520132700,208.3,208.31,208.31,208.3,58.777237160000006
83,1520132640,208.3,208.34,208.33,208.31,10.10864669
84,1520132580,208.33,208.36,208.35,208.33,9.96224712
85,1520132520,208.5,208.6,208.6,208.51,84.53936116
86,1520132460,208.6,208.67,208.66,208.6,27.68450914
87,1520132400,208.66,208.67,208.66,208.67,8.014515289999999
88,1520132340,208.66,208.67,208.67,208.66,16.15910888
89,1520132280,208.66,208.67,208.66,208.66,36.285493710000004
90,1520132220,208.6,208.67,208.6,208.66,54.82109466
91,1520132160,208.6,208.6,208.6,208.6,13.30098468
92,1520132100,208.59,208.6,208.6,208.6,28.736942629999998
93,1520132040,208.33,208.6,208.35,208.6,54.25489357
94,1520131980,208.33,208.34,208.34,208.34,33.285618129999996
95,1520131920,208.2,208.34,208.2,208.34,38.88646725
96,1520131860,208.01,208.02,208.02,208.01,173.42379557
97,1520131800,208.01,208.02,208.02,208.02,24.296242080000003
98,1520131740,208.01,208.02,208.01,208.02,104.73245527
99,1520131680,208.01,208.02,208.01,208.01,73.68048081
100,1520131620,208.01,208.02,208.02,208.01,39.61198327
101,1520131560,208.01,208.02,208.02,208.02,100.489888
102,1520131500,208.01,208.02,208.02,208.02,46.01246466
103,1520131440,208.01,208.3,208.29,208.01,52.95845455
104,1520131380,208.29,208.34,208.33,208.29,344.60182025
105,1520131320,208.33,208.66,208.65,208.33,315.06731755000004
106,1520131260,208.66,208.67,208.67,208.66,8.12392545
107,1520131200,208.65,208.67,208.66,208.67,22.13456776
108,1520131140,208.65,208.66,208.65,208.65,53.19160921
109,1520131080,208.65,208.66,208.65,208.65,31.450139880000002
110,1520131020,208.65,208.66,208.66,208.66,27.229275129999998
111,1520130960,208.65,208.66,208.65,208.66,21.61457001
112,1520130900,208.65,208.66,208.65,208.66,80.06275461000001
113,1520130840,208.65,208.66,208.66,208.66,86.80866879
114,1520130780,208.65,208.66,208.66,208.65,54.90672513
115,1520130720,208.65,208.69,208.65,208.65,37.07597828
116,1520130660,208.6,208.66,208.6,208.66,55.29666160000001
117,1520130600,208.49,208.6,208.5,208.6,65.54970499999999
118,1520130540,208.44,208.5,208.45,208.5,165.92441346000004
119,1520130480,208.34,208.45,208.34,208.45,63.82600639000001
120,1520130420,208.33,208.34,208.33,208.33,198.83777707000002
121,1520130360,208.33,209.76,209.75,208.33,187.53599743000004
122,1520130300,209.75,209.95,209.95,209.76,23.705108550000002
123,1520130240,209.95,210.0,210.0,209.95,91.64631666
124,1520130180,210.0,210.04,210.04,210.0,38.329206740000004
125,1520130120,210.05,210.05,210.05,210.05,12.011679999999998
126,1520130060,210.06,210.09,210.09,210.06,10.01509644
127,1520130000,210.1,210.11,210.1,210.1,24.248699199999997
128,1520129940,210.11,210.11,210.11,210.11,10.8696
129,1520129880,210.1,210.11,210.1,210.11,14.55799603
130,1520129820,210.09,210.11,210.09,210.09,40.5475954
131,1520129760,210.1,210.11,210.11,210.1,38.195507330000005
132,1520129700,210.1,210.11,210.11,210.11,51.06782185
133,1520129640,210.12,210.19,210.19,210.12,55.60798706
134,1520129580,210.19,210.21,210.21,210.19,30.465475039999998
135,1520129520,210.21,210.22,210.21,210.21,2.88865938
136,1520129460,210.21,210.22,210.21,210.21,13.2105
137,1520129400,210.21,210.22,210.22,210.22,6.10031971
138,1520129340,210.21,210.22,210.21,210.22,15.37373923
139,1520129280,210.2,210.21,210.2,210.21,35.18878547
140,1520129220,210.2,210.21,210.21,210.2,11.025444890000001
141,1520129160,210.2,210.21,210.2,210.2,46.61655441
142,1520129100,210.2,210.21,210.2,210.21,37.707136219999995
143,1520129040,210.2,210.21,210.21,210.21,70.01781039000001
144,1520128980,210.2,210.51,210.5,210.21,66.26948662999999
145,1520128920,210.51,210.71,210.71,210.51,7.421579360000001
146,1520128860,210.7,210.71,210.71,210.71,10.340764
147,1520128800,210.7,210.84,210.84,210.71,14.333407000000001
148,1520128740,210.84,210.85,210.85,210.84,26.9223358
149,1520128680,210.84,210.85,210.85,210.84,13.01664841
150,1520128620,210.84,210.85,210.85,210.85,8.833805830000001
151,1520128560,210.6,210.85,210.6,210.84,71.58614017
152,1520128500,210.49,210.6,210.49,210.6,12.848535
153,1520128440,210.49,210.5,210.5,210.5,40.39610478
154,1520128380,210.49,210.5,210.5,210.5,14.78598899
155,1520128320,210.49,210.5,210.5,210.5,7.26882608
156,1520128260,210.49,210.51,210.51,210.49,33.93801305
157,1520128200,210.32,210.33,210.32,210.33,28.284742939999997
158,1520128140,210.24,210.25,210.24,210.25,13.17620082
159,1520128080,210.21,210.25,210.21,210.25,13.446443019999998
160,1520128020,210.2,210.21,210.21,210.2,33.565301139999995
161,1520127960,210.2,210.21,210.21,210.21,16.72887147
162,1520127900,210.2,210.21,210.2,210.21,15.857026719999999
163,1520127840,210.2,210.21,210.21,210.2,36.5751
164,1520127780,210.2,210.21,210.21,210.2,15.914042119999998
165,1520127720,210.2,210.21,210.2,210.2,35.56849999999999
166,1520127660,210.2,210.21,210.2,210.21,21.157161400000003
167,1520127600,210.2,210.21,210.2,210.2,68.35981939
168,1520127540,210.2,210.21,210.2,210.2,19.3593014
169,1520127480,210.2,210.21,210.21,210.21,20.259047010000003
170,1520127420,210.2,210.21,210.21,210.21,6.24507797
171,1520127360,210.2,210.21,210.21,210.21,27.79704594
172,1520127300,210.2,210.21,210.2,210.21,24.759888
173,1520127240,210.2,210.21,210.2,210.21,66.46010000000001
174,1520127180,210.2,210.3,210.2,210.2,3.12099483
175,1520127120,210.0,210.5,210.2,210.2,13.398896979999998
176,1520127060,210.2,210.21,210.2,210.21,50.855818000000006
177,1520127000,210.2,210.21,210.21,210.2,12.72649315
178,1520126940,210.2,210.5,210.5,210.2,36.51499149000001
179,1520126880,210.49,210.5,210.49,210.49,17.602537209999998
180,1520126820,210.49,210.5,210.5,210.5,21.913247000000002
181,1520126760,210.49,210.5,210.49,210.49,6.492500000000001
182,1520126700,210.49,210.5,210.49,210.5,10.64447078
183,1520126640,210.49,210.5,210.49,210.5,1.44918017
184,1520126580,210.29,210.5,210.29,210.5,57.21612158
185,1520126520,210.16,210.3,210.16,210.3,8.3695444
186,1520126460,210.15,210.16,210.15,210.15,11.67000549
187,1520126400,210.15,210.16,210.15,210.15,20.26734981
188,1520126340,210.15,210.16,210.16,210.16,16.16861441
189,1520126280,210.15,210.36,210.35,210.15,46.45847472
190,1520126220,210.5,210.66,210.66,210.51,22.23152596
191,1520126160,210.65,210.7,210.7,210.65,20.59498155
192,1520126100,210.7,210.71,210.71,210.7,19.31112582
193,1520126040,210.7,210.71,210.7,210.71,17.33530585
194,1520125980,210.7,210.71,210.71,210.7,11.230571709999998
195,1520125920,210.7,210.71,210.71,210.7,12.0435
196,1520125860,210.7,210.71,210.7,210.71,21.77974042
197,1520125800,210.71,210.71,210.71,210.71,8.8575
198,1520125740,210.7,210.71,210.7,210.71,13.778666419999999
199,1520125680,210.7,210.71,210.71,210.7,8.1236
200,1520125620,210.71,210.71,210.71,210.71,1.7318000000000002
201,1520125560,210.7,210.71,210.7,210.7,121.92853116999997
202,1520125500,210.7,210.71,210.7,210.7,9.5009
203,1520125440,210.7,210.71,210.71,210.71,26.546402540000003
204,1520125380,210.7,210.71,210.7,210.71,67.99914999
205,1520125320,210.7,210.71,210.7,210.71,5.85761445
206,1520125260,210.7,210.71,210.71,210.71,15.998361330000002
207,1520125200,210.7,210.9,210.9,210.71,142.83432663
208,1520125140,210.9,210.91,210.91,210.91,31.083543770000002
209,1520125080,210.9,210.91,210.9,210.91,20.473002339999997
210,1520125020,210.91,210.95,210.95,210.91,16.711474959999997
211,1520124960,210.94,210.95,210.95,210.95,29.722390039999997
212,1520124900,210.94,210.95,210.94,210.95,20.072461960000002
213,1520124840,210.94,210.95,210.94,210.95,24.08512377
214,1520124780,210.94,210.95,210.94,210.95,43.78753325
215,1520124720,210.94,210.94,210.94,210.94,17.913093
216,1520124660,210.86,210.94,210.86,210.94,48.1723149
217,1520124600,210.86,210.87,210.86,210.87,90.11495883999999
218,1520124540,210.81,210.87,210.81,210.87,103.11594688
219,1520124480,210.7,210.81,210.71,210.8,9.12046811
220,1520124420,210.7,210.71,210.71,210.71,49.26768467999999
221,1520124360,210.7,210.71,210.7,210.71,11.563832740000002
222,1520124300,210.49,210.99,210.49,210.7,66.05052665000001
223,1520124240,210.49,210.5,210.5,210.5,48.97774009
224,1520124180,210.35,210.46,210.35,210.46,18.92479207
225,1520124120,210.34,210.35,210.35,210.34,5.14562701
226,1520124060,210.34,210.35,210.35,210.35,79.40977501
227,1520124000,210.34,210.35,210.34,210.34,44.27788854
228,1520123940,210.3,210.35,210.3,210.35,16.88449758
229,1520123880,210.3,210.36,210.36,210.3,15.81421595
230,1520123820,210.35,210.46,210.45,210.36,6.12742176
231,1520123760,210.45,210.95,210.9,210.46,54.02194013
232,1520123700,210.9,211.07,211.07,210.9,93.15019566999997
233,1520123640,210.51,211.07,210.52,211.07,63.87412158
234,1520123580,210.51,210.52,210.51,210.52,32.12341199
235,1520123520,210.51,210.52,210.51,210.51,7.63522058
236,1520123460,210.51,210.52,210.52,210.52,19.152154149999998
237,1520123400,210.51,210.52,210.51,210.51,23.41831121
238,1520123340,210.51,210.52,210.52,210.51,16.03606552
239,1520123280,210.51,210.52,210.51,210.51,88.68494258999999
240,1520123220,210.51,210.52,210.51,210.52,76.0933926
241,1520123160,210.51,210.52,210.51,210.52,106.9619274
242,1520123100,210.48,210.5,210.49,210.5,26.61418694
243,1520123040,210.48,210.49,210.48,210.49,45.726413429999994
244,1520122980,210.4,210.49,210.41,210.49,68.85882706000001
245,1520122920,210.33,210.41,210.33,210.41,26.68234963
246,1520122860,210.31,210.34,210.32,210.33,39.21722223
247,1520122800,210.19,210.31,210.19,210.31,79.22207647999998
248,1520122740,210.05,210.19,210.05,210.18,134.09930226999998
249,1520122680,210.05,210.06,210.06,210.06,37.898697
250,1520122620,209.86,210.06,209.87,210.06,44.231188180000004
251,1520122560,209.86,209.87,209.87,209.87,36.76269404000001
252,1520122500,209.82,209.87,209.82,209.87,1.3596723000000002
253,1520122440,209.82,209.83,209.82,209.82,11.402102749999997
254,1520122380,209.81,209.82,209.82,209.82,10.653199999999998
255,1520122320,209.69,209.83,209.69,209.82,9.46945218
256,1520122260,209.69,209.7,209.7,209.7,17.54605092
257,1520122200,209.58,209.82,209.65,209.69,111.11869143999999
258,1520122140,209.56,209.57,209.57,209.57,12.113070350000001
259,1520122080,209.55,209.57,209.56,209.57,60.67547375
260,1520122020,209.51,209.55,209.52,209.55,78.02518857
261,1520121960,209.51,209.52,209.52,209.51,12.67537399
262,1520121900,209.51,210.0,210.0,209.51,311.91982312
263,1520121840,210.1,210.31,210.31,210.1,43.198350360000006
264,1520121780,210.31,210.32,210.31,210.31,3.25135771
265,1520121720,210.31,210.32,210.31,210.31,8.16518859
266,1520121660,210.31,210.32,210.31,210.31,16.13992884
267,1520121600,210.31,210.41,210.41,210.32,27.741306330000004
268,1520121540,210.4,210.51,210.51,210.4,126.39362204
269,1520121480,210.51,210.52,210.51,210.51,159.18489720999997
270,1520121420,210.51,210.52,210.51,210.52,11.3045
271,1520121360,210.51,210.52,210.51,210.52,27.89491983
272,1520121300,210.51,210.52,210.52,210.52,15.37874808
273,1520121240,210.51,210.52,210.52,210.52,31.071829649999994
274,1520121180,210.51,210.52,210.51,210.52,60.054277099999986
275,1520121120,210.51,210.52,210.51,210.52,4.32828334
276,1520121060,210.51,210.52,210.52,210.51,178.72631867
277,1520121000,210.5,210.51,210.5,210.51,19.12627066
278,1520120940,210.5,210.51,210.51,210.5,23.3196
279,1520120880,210.5,210.51,210.5,210.51,32.766691019999996
280,1520120820,210.5,210.51,210.51,210.51,20.560856429999998
281,1520120760,210.5,210.51,210.5,210.51,40.557216409999995
282,1520120700,210.5,210.51,210.51,210.51,14.728534
283,1520120640,210.5,210.51,210.51,210.51,56.98375739
284,1520120580,210.5,210.51,210.51,210.51,14.477297990000002
285,1520120520,210.5,210.59,210.59,210.51,94.39647441
286,1520120460,210.59,210.6,210.59,210.6,22.95375128
287,1520120400,210.43,210.6,210.43,210.59,16.50704948
288,1520120340,210.43,210.44,210.43,210.44,12.92306754
289,1520120280,210.43,210.44,210.44,210.44,8.95170006
290,1520120220,210.43,210.44,210.43,210.44,21.367641380000002
291,1520120160,210.44,210.44,210.44,210.44,26.04026502
292,1520120100,210.43,210.44,210.43,210.44,8.75339778
293,1520120040,210.43,210.48,210.48,210.44,51.569394370000005
294,1520119980,210.39,210.59,210.4,210.48,27.120674830000002
295,1520119920,210.35,210.7,210.7,210.4,23.645421749999997
296,1520119860,210.21,210.77,210.76,210.22,63.64776173
297,1520119800,210.69,210.77,210.7,210.76,73.18367811999998
298,1520119740,210.49,210.65,210.49,210.65,14.756706269999999
299,1520119680,210.48,210.49,210.48,210.49,74.69935749000001
300,1520119620,210.47,210.48,210.48,210.48,30.252895399999996
301,1520119560,210.47,210.48,210.48,210.47,47.35352794000001
302,1520119500,210.47,210.48,210.48,210.48,108.00816577
303,1520119440,210.43,210.48,210.43,210.47,53.19950375999999
304,1520119380,210.43,210.44,210.44,210.44,33.86492229
305,1520119320,210.29,210.43,210.29,210.43,67.75019588
306,1520119260,210.29,210.3,210.29,210.3,111.48201792
307,1520119200,210.29,210.33,210.33,210.29,72.88184431
308,1520119140,210.06,210.15,210.07,210.15,55.362551980000006
309,1520119080,210.07,210.07,210.07,210.07,9.35501097
310,1520119020,210.06,210.07,210.06,210.07,35.26348549
311,1520118960,210.06,210.07,210.06,210.06,115.97490775
312,1520118900,210.05,210.06,210.05,210.05,31.80980383
313,1520118840,210.05,210.06,210.05,210.05,154.99290513999998
314,1520118780,210.06,210.06,210.06,210.06,50.72512611
315,1520118720,210.06,210.06,210.06,210.06,8.09381516
316,1520118660,210.05,210.06,210.06,210.06,26.39984326
317,1520118600,210.05,210.06,210.06,210.06,33.73710257
318,1520118540,210.05,210.06,210.06,210.06,42.54323237
319,1520118480,210.05,210.06,210.05,210.05,4.34711254
320,1520118420,210.05,210.08,210.07,210.08,52.60755084
321,1520118360,210.07,210.09,210.08,210.07,23.597166409999996
322,1520118300,210.08,210.09,210.08,210.09,62.67828572
323,1520118240,210.05,210.36,210.36,210.08,81.70613576
324,1520118180,210.35,210.36,210.36,210.35,75.53334201999999
325,1520118120,210.35,210.5,210.5,210.36,78.47635839
326,1520118060,210.49,210.5,210.49,210.49,88.39499182999998
327,1520118000,210.49,210.5,210.49,210.5,79.52339478000002
328,1520117940,210.49,210.5,210.49,210.5,88.45532186
329,1520117880,210.49,210.51,210.49,210.5,103.56859247999999
330,1520117820,210.49,210.5,210.49,210.49,51.454485410000004
331,1520117760,210.49,210.5,210.5,210.5,35.14290237
332,1520117700,210.49,210.5,210.5,210.49,107.08650023000001
333,1520117640,209.85,210.65,209.85,210.65,75.96924225999999
334,1520117580,209.84,209.85,209.84,209.85,9.00841055
335,1520117520,209.84,209.85,209.85,209.85,69.26004657
336,1520117460,209.84,209.85,209.84,209.84,40.95431074
337,1520117400,209.84,209.85,209.84,209.85,20.541433520000002
338,1520117340,209.88,209.89,209.88,209.88,31.71939627
339,1520117280,209.88,210.01,210.01,209.89,41.637574029999996
340,1520117220,210.0,210.01,210.0,210.01,42.965948950000005
341,1520117160,210.0,210.01,210.01,210.0,33.89828383
342,1520117100,210.0,210.01,210.0,210.01,23.435009
343,1520117040,210.0,210.01,210.01,210.01,17.32842693
344,1520116980,210.0,210.01,210.0,210.0,28.43740322
345,1520116920,210.0,210.01,210.0,210.0,13.880985849999998
346,1520116860,210.0,210.01,210.0,210.0,11.370579849999999
347,1520116800,210.0,210.01,210.01,210.01,22.67392756
348,1520116740,210.0,210.01,210.01,210.01,42.78442306
349,1520116680,210.0,210.01,210.01,210.0,54.22809898
350,1520116620,210.0,210.01,210.0,210.0,7.661678
