,Time,Low,High,Open,Close,Volume
0,1520388180,198.89,198.89,198.89,198.89,18.9767
1,1520388120,198.9,198.9,198.9,198.9,105.7502
2,1520388060,198.53,198.9,198.54,198.9,178.60447412999997
3,1520388000,198.53,198.54,198.53,198.53,79.20469856999999
4,1520387940,198.53,198.57,198.56,198.54,38.31911139000001
5,1520387880,198.57,198.75,198.75,198.57,84.68451804999998
6,1520387820,198.54,198.54,198.54,198.54,20.2973
7,1520387760,198.53,198.57,198.57,198.54,34.55611748
8,1520387700,198.56,198.91,198.91,198.57,89.81774271999996
9,1520387640,198.42,198.99,198.42,198.98,41.75171890000001
10,1520387580,198.09,199.06,199.05,198.42,454.39232506000025
11,1520387520,199.05,199.06,199.05,199.06,101.36269999999999
12,1520387460,199.05,199.07,199.07,199.06,135.38043292999998
13,1520387400,199.06,199.35,199.06,199.06,459.5195377200002
14,1520387340,198.85,199.1,198.89,199.09,470.44509365000016
15,1520387280,198.85,199.0,198.85,198.98,441.0122450100001
16,1520387220,198.78,198.85,198.78,198.85,58.578258080000005
17,1520387160,198.4,198.63,198.4,198.63,192.93467017
18,1520387100,198.4,198.41,198.41,198.41,2.89529935
19,1520387040,198.41,198.41,198.41,198.41,31.7241
20,1520386980,198.4,198.41,198.41,198.41,103.97706201999999
21,1520386920,198.4,198.41,198.41,198.41,5.84853249
22,1520386860,198.2,198.41,198.2,198.41,251.6905612600001
23,1520386800,198.03,198.2,198.03,198.19,50.1798
24,1520386740,198.02,198.03,198.03,198.02,30.83213603
25,1520386680,198.02,198.03,198.02,198.03,19.753899999999998
26,1520386620,198.02,198.03,198.02,198.02,48.77704790999999
27,1520386560,198.02,198.26,198.26,198.03,124.53686805999999
28,1520386500,197.95,198.26,197.95,198.26,275.37172895000003
29,1520386440,197.57,197.58,197.57,197.58,31.05509218
30,1520386380,197.55,197.58,197.55,197.57,12.300028650000002
31,1520386320,197.26,197.28,197.27,197.27,83.89452809000001
32,1520386260,197.26,197.56,197.26,197.26,58.26039298000002
33,1520386200,197.12,198.11,198.11,197.14,661.2245424900002
34,1520386140,198.1,198.21,198.21,198.11,67.67476547
35,1520386080,198.2,198.21,198.2,198.21,114.07493570000001
36,1520386020,198.2,198.21,198.21,198.2,89.83041431000001
37,1520385960,198.1,198.21,198.11,198.21,148.58521738000002
38,1520385900,198.01,198.26,198.01,198.11,144.48580492
39,1520385840,198.0,198.01,198.01,198.0,43.486369620000005
40,1520385780,198.01,198.01,198.01,198.01,42.769299999999994
41,1520385720,198.0,198.01,198.01,198.01,48.45912053000001
42,1520385660,198.0,198.01,198.0,198.0,41.65968136
43,1520385600,198.0,198.01,198.01,198.01,62.06343905
44,1520385540,198.0,198.01,198.0,198.01,60.036775340000005
45,1520385480,198.0,198.01,198.01,198.01,46.25872884
46,1520385420,198.0,198.01,198.01,198.01,57.04737306999999
47,1520385360,198.0,198.17,198.17,198.01,562.34665616
48,1520385300,198.16,198.5,198.5,198.17,299.14949162000005
49,1520385240,198.5,198.51,198.51,198.51,170.93575184
50,1520385180,198.5,198.56,198.56,198.5,641.83058762
51,1520385120,198.55,198.61,198.6,198.55,69.98263931
52,1520385060,198.79,199.0,199.0,198.79,62.26920702999999
53,1520385000,198.99,199.0,198.99,198.99,93.17197763
54,1520384940,198.81,199.0,198.81,199.0,120.59867206999998
55,1520384880,198.74,198.89,198.74,198.81,58.18143073000002
56,1520384820,198.55,198.57,198.56,198.57,164.45149464
57,1520384760,198.55,198.56,198.56,198.56,22.79746808
58,1520384700,198.55,198.56,198.56,198.55,19.13485282
59,1520384640,198.5,198.84,198.5,198.56,133.57732262
60,1520384580,198.0,198.5,198.27,198.5,236.56249027999996
61,1520384520,198.26,198.5,198.33,198.27,363.26475539
62,1520384460,198.24,199.31,199.3,198.32,761.2594116600001
63,1520384400,199.3,199.31,199.31,199.3,16.784706670000002
64,1520384340,199.3,199.31,199.31,199.3,48.07822236
65,1520384280,199.3,199.31,199.31,199.3,82.97495638999999
66,1520384220,199.01,199.31,199.01,199.31,197.72507059999995
67,1520384160,199.0,199.01,199.01,199.01,103.98432485
68,1520384100,199.0,199.01,199.01,199.01,46.69067518
69,1520384040,199.0,199.01,199.0,199.01,49.06406935
70,1520383980,198.9,199.24,198.9,199.09,71.07115861000001
71,1520383920,199.34,199.34,199.34,199.34,75.59878776
72,1520383860,199.33,199.34,199.34,199.34,91.10621547999999
73,1520383800,199.3,199.34,199.3,199.33,136.00001043
74,1520383740,199.0,199.3,199.0,199.3,250.88220309999997
75,1520383680,198.9,199.0,198.9,199.0,467.5278838400002
76,1520383620,198.88,198.9,198.88,198.9,139.0016441
77,1520383560,198.87,198.88,198.87,198.88,52.5528714
78,1520383500,198.87,198.88,198.88,198.88,97.46683428999998
79,1520383440,198.83,198.88,198.83,198.88,176.91601081000002
80,1520383380,198.59,198.65,198.59,198.65,114.87896248
81,1520383320,198.52,198.6,198.53,198.6,40.99650792
82,1520383260,197.98,198.41,198.0,198.41,214.27612897999992
83,1520383200,198.01,198.02,198.02,198.01,48.860805899999995
84,1520383140,198.02,198.27,198.27,198.02,54.09404679
85,1520383080,198.0,198.45,198.26,198.41,299.5033607200001
86,1520383020,198.25,198.26,198.26,198.26,132.73866728
87,1520382960,198.26,198.53,198.53,198.26,106.86735853999997
88,1520382900,198.51,198.89,198.89,198.52,273.6481153799999
89,1520382840,198.89,198.89,198.89,198.89,91.08453033
90,1520382780,198.4,198.89,198.4,198.89,974.16107846
91,1520382720,198.39,198.4,198.4,198.4,42.882862339999996
92,1520382660,198.22,198.4,198.22,198.4,223.59932521999994
93,1520382600,198.16,198.22,198.18,198.22,291.8526747899999
94,1520382540,198.1,198.21,198.21,198.17,135.08272913000002
95,1520382480,198.21,198.22,198.22,198.21,107.78841124
96,1520382420,198.21,198.22,198.21,198.22,78.54132586999998
97,1520382360,198.2,198.21,198.21,198.21,36.24489337
98,1520382300,198.2,198.21,198.21,198.21,58.93629865
99,1520382240,198.2,198.55,198.55,198.21,176.11161115999994
100,1520382180,198.4,198.55,198.4,198.55,182.71806123999997
101,1520382120,197.8,198.4,197.8,198.4,620.3239251500004
102,1520382060,197.34,197.8,197.35,197.8,307.11241333000004
103,1520382000,196.76,197.35,196.76,197.35,54.66608580000001
104,1520381940,196.63,196.97,196.97,196.76,185.8971234
105,1520381880,196.8,197.21,197.21,196.98,373.22158813000027
106,1520381820,197.21,197.61,197.6,197.29,152.71918258
107,1520381760,197.6,197.61,197.61,197.6,28.492797640000003
108,1520381700,197.6,197.61,197.61,197.61,110.55629936000003
109,1520381640,197.6,197.99,197.99,197.6,152.55934314999996
110,1520381580,197.97,198.29,198.29,197.99,99.99651607000001
111,1520381520,197.44,198.29,197.64,198.29,281.19105665
112,1520381460,197.7,198.4,198.2,197.7,359.1123030800002
113,1520381400,198.0,198.2,198.0,198.2,439.7867859700001
114,1520381340,197.5,198.0,197.99,198.0,569.9920877000001
115,1520381280,197.97,198.32,198.32,198.0,227.64163043
116,1520381220,197.32,198.32,197.32,198.32,989.3123482500004
117,1520381160,197.01,197.1,197.02,197.1,184.42784388
118,1520381100,197.01,197.02,197.02,197.02,135.00746686
119,1520381040,197.01,197.33,197.33,197.02,323.85075552
120,1520380980,197.01,197.33,197.3,197.33,286.1284118299999
121,1520380920,196.71,197.3,196.72,197.3,394.25204163999996
122,1520380860,196.71,196.72,196.72,196.72,81.98379014999999
123,1520380800,196.63,196.74,196.63,196.72,103.44933844999998
124,1520380740,196.08,196.64,196.08,196.63,206.28422749999996
125,1520380680,196.07,196.08,196.07,196.08,42.8566
126,1520380620,196.23,196.86,196.86,196.24,191.35372931999996
127,1520380560,196.85,196.86,196.86,196.86,99.19621289000001
128,1520380500,195.31,196.86,196.11,196.86,869.2677244900007
129,1520380440,196.11,196.39,196.39,196.11,398.3028877200003
130,1520380380,196.38,196.39,196.39,196.39,165.39036205
131,1520380320,196.38,196.39,196.38,196.39,33.82540291000001
132,1520380260,196.01,196.39,196.01,196.39,143.21340166
133,1520380200,196.0,196.01,196.0,196.01,123.32974386999999
134,1520380140,196.0,196.11,196.11,196.0,169.08108438
135,1520380080,196.1,196.69,196.3,196.11,551.7685217200003
136,1520380020,195.37,196.46,196.46,196.1,898.4303498900009
137,1520379960,196.41,196.47,196.42,196.47,110.96718958
138,1520379900,196.3,196.61,196.3,196.42,163.65829905999996
139,1520379840,196.2,196.29,196.21,196.29,70.65266879999999
140,1520379780,195.98,196.28,195.99,196.28,162.54990431999988
141,1520379720,195.52,195.99,195.95,195.99,291.69782754
142,1520379660,195.09,195.95,195.09,195.95,428.35651219
143,1520379600,195.08,195.09,195.08,195.09,65.02033553000001
144,1520379540,195.09,195.09,195.09,195.09,84.27666937000002
145,1520379480,195.08,195.09,195.09,195.09,33.97101187
146,1520379420,195.01,195.7,195.69,195.09,453.91061425
147,1520379360,195.69,195.7,195.7,195.7,105.08535785
148,1520379300,195.6,195.89,195.6,195.7,714.9230570199999
149,1520379240,195.06,195.6,195.07,195.6,809.7032054299999
150,1520379180,195.06,195.07,195.07,195.07,27.832823910000002
151,1520379120,195.06,195.07,195.07,195.07,22.171685339999996
152,1520379060,195.05,195.27,195.27,195.07,267.6995779599999
153,1520379000,195.26,195.27,195.27,195.26,35.16243001
154,1520378940,195.16,195.38,195.25,195.27,134.90597279
155,1520378880,195.26,195.58,195.57,195.36,107.46693809
156,1520378820,195.2,195.67,195.67,195.58,336.62301192999996
157,1520378760,195.66,195.89,195.89,195.67,277.06618972
158,1520378700,195.58,195.77,195.58,195.77,181.04594943999996
159,1520378640,195.42,195.67,195.42,195.57,174.9474054
160,1520378580,195.0,195.64,195.0,195.29,417.1248568000002
161,1520378520,194.63,194.99,194.63,194.99,406.4231246199999
162,1520378460,194.46,194.81,194.81,194.64,442.29685968
163,1520378400,195.0,195.51,195.5,195.01,1043.73828473
164,1520378340,195.5,195.89,195.89,195.5,443.3232470300001
165,1520378280,195.88,195.89,195.89,195.88,130.90793587
166,1520378220,195.88,195.89,195.89,195.89,77.12661111
167,1520378160,195.88,196.0,195.89,195.88,214.10666504999998
168,1520378100,195.35,195.89,195.35,195.89,528.5240026500002
169,1520378040,195.35,195.71,195.71,195.35,326.0701565299999
170,1520377980,195.77,195.78,195.77,195.77,192.01741427000002
171,1520377920,195.77,196.01,196.0,195.78,377.8528377800001
172,1520377860,196.0,196.51,196.51,196.0,201.55995338
173,1520377800,196.0,196.67,196.67,196.5,931.1151236000011
174,1520377740,196.66,196.71,196.71,196.66,106.97596084000001
175,1520377680,196.66,197.57,197.57,196.72,957.3185467300004
176,1520377620,197.78,197.79,197.78,197.78,44.458477650000006
177,1520377560,197.64,198.18,198.18,197.78,537.3730972199999
178,1520377500,198.0,198.51,198.51,198.01,452.68007062000004
179,1520377440,198.5,198.56,198.56,198.51,78.05423066000002
180,1520377380,198.56,198.74,198.74,198.56,105.34088306999998
181,1520377320,198.68,198.75,198.68,198.75,98.70253364
182,1520377260,198.67,198.68,198.68,198.67,29.65277837
183,1520377200,198.67,198.68,198.68,198.68,124.08845252
184,1520377140,198.67,198.68,198.68,198.68,38.496154829999995
185,1520377080,198.67,198.72,198.67,198.68,41.91259243
186,1520377020,198.66,198.91,198.91,198.67,191.66274691
187,1520376960,198.66,198.91,198.67,198.91,92.68063903999999
188,1520376900,198.66,198.67,198.67,198.67,51.071799999999996
189,1520376840,198.66,198.67,198.67,198.66,10.248480319999999
190,1520376780,198.67,198.69,198.69,198.67,19.9655
191,1520376720,198.07,198.8,198.7,198.69,574.4005146200002
192,1520376660,198.69,198.85,198.78,198.69,304.10943592999996
193,1520376600,198.69,198.96,198.7,198.88,312.66926573
194,1520376540,198.6,198.7,198.61,198.7,128.07192198
195,1520376480,198.55,198.75,198.6,198.61,87.37004726999999
196,1520376420,198.56,198.62,198.56,198.61,9.68061473
197,1520376360,198.54,198.62,198.57,198.55,190.54793076999997
198,1520376300,198.54,198.57,198.57,198.57,60.12199334
199,1520376240,198.41,198.62,198.62,198.57,129.52549575
200,1520376180,198.52,198.64,198.64,198.62,80.5619302
201,1520376120,198.7,198.71,198.71,198.71,15.542124329999996
202,1520376060,198.63,198.71,198.63,198.7,26.63823697
203,1520376000,198.62,198.74,198.64,198.69,212.47518913
204,1520375940,198.51,198.71,198.51,198.71,113.01557485
205,1520375880,198.51,198.65,198.65,198.52,18.565799920000003
206,1520375820,198.5,198.76,198.73,198.5,244.04408068
207,1520375760,198.51,198.74,198.66,198.74,171.11545258
208,1520375700,198.66,198.78,198.78,198.66,45.45878269
209,1520375640,198.8,198.95,198.95,198.8,283.52938303999997
210,1520375580,198.93,198.95,198.94,198.95,106.79014813000002
211,1520375520,198.5,198.93,198.5,198.94,402.53640848000003
212,1520375460,198.4,198.5,198.41,198.49,154.89572511000003
213,1520375400,198.25,198.45,198.25,198.38,179.16955907999997
214,1520375340,198.24,198.25,198.25,198.24,159.45842908000003
215,1520375280,198.24,198.43,198.41,198.25,137.45258479000003
216,1520375220,198.05,198.49,198.08,198.4,220.6436250399999
217,1520375160,198.0,198.49,198.18,198.0,544.55786997
218,1520375100,198.1,198.2,198.1,198.16,79.91504385
219,1520375040,198.05,198.1,198.06,198.09,29.19372031
220,1520374980,198.05,198.15,198.07,198.08,116.06254641999996
221,1520374920,198.0,198.01,198.01,198.0,156.66202689999997
222,1520374860,198.0,198.01,198.0,198.01,65.44153455
223,1520374800,198.0,198.49,198.49,198.01,402.92596561
224,1520374740,198.45,198.5,198.45,198.5,167.72007357
225,1520374680,198.0,198.47,198.0,198.45,88.58256413999997
226,1520374620,197.65,198.0,197.66,198.0,96.64719840000001
227,1520374560,197.64,198.05,198.05,197.7,489.5307195900001
228,1520374500,198.05,198.35,198.35,198.06,206.30028405999994
229,1520374440,198.35,199.11,199.11,198.36,289.79681096
230,1520374380,199.11,199.12,199.11,199.12,143.07819203000003
231,1520374320,199.11,199.12,199.11,199.11,209.71250385
232,1520374260,199.11,199.12,199.12,199.11,73.61288329999998
233,1520374200,199.02,199.15,199.02,199.11,150.39796087000005
234,1520374140,198.79,199.02,198.79,199.02,245.10325579
235,1520374080,198.6,198.79,198.6,198.79,229.28192857000002
236,1520374020,198.56,198.6,198.57,198.6,131.76337793999997
237,1520373960,198.55,198.57,198.55,198.57,136.44739065000002
238,1520373900,198.55,198.56,198.55,198.55,167.75370108
239,1520373840,198.55,198.67,198.67,198.56,254.50186789000003
240,1520373780,198.66,198.67,198.66,198.67,199.31232178999997
241,1520373720,198.66,198.67,198.66,198.67,53.74744254
242,1520373660,198.64,198.67,198.65,198.67,100.41782497
243,1520373600,198.5,199.18,199.18,198.65,304.39900078000005
244,1520373540,198.75,199.23,199.23,199.18,300.1462652299999
245,1520373480,199.25,199.93,199.93,199.25,581.43893717
246,1520373420,199.93,199.94,199.94,199.94,87.88496665
247,1520373360,199.93,200.0,200.0,199.94,715.49843655
248,1520373300,199.93,200.0,199.94,200.0,258.4772952
249,1520373240,199.79,199.94,199.79,199.94,98.13365781
250,1520373180,199.45,199.8,199.45,199.78,257.77966826999995
251,1520373120,199.28,199.46,199.29,199.45,209.04451222000003
252,1520373060,199.27,199.29,199.28,199.29,2567.0474590599997
253,1520373000,199.17,199.69,199.69,199.29,476.73959981
254,1520372940,199.15,200.03,200.03,199.7,439.65011493
255,1520372880,199.31,200.98,200.5,199.31,2842.9774192700006
256,1520372820,200.08,200.5,200.09,200.5,575.75652822
257,1520372760,199.66,200.09,199.66,200.09,1259.48199024
258,1520372700,199.66,199.67,199.67,199.67,152.91289189
259,1520372640,199.66,199.67,199.67,199.67,286.12866526000005
260,1520372580,199.2,199.67,199.2,199.67,845.0115062200001
261,1520372520,199.17,199.2,199.17,199.2,161.61641000999998
262,1520372460,199.03,199.29,199.03,199.18,237.74195647
263,1520372400,199.01,199.39,199.38,199.03,441.3827469500002
264,1520372340,198.8,199.39,198.8,199.39,1116.125139169999
265,1520372280,198.47,198.8,198.47,198.8,218.24785786999996
266,1520372220,198.25,198.49,198.25,198.48,124.97825667
267,1520372160,198.1,198.25,198.1,198.25,140.49742236
268,1520372100,198.01,198.1,198.01,198.1,222.97835681
269,1520372040,198.0,198.5,198.49,198.0,845.1924256699996
270,1520371980,198.49,198.5,198.5,198.5,112.07743133999999
271,1520371920,197.99,198.5,197.99,198.5,389.51822642999986
272,1520371860,197.89,198.0,197.89,198.0,208.84403555999998
273,1520371800,197.81,197.89,197.81,197.89,73.28307882000001
274,1520371740,197.8,197.81,197.81,197.81,151.67731320000004
275,1520371680,197.8,197.81,197.8,197.81,101.59472968
276,1520371620,197.8,197.81,197.81,197.81,154.38965092
277,1520371560,197.8,198.08,198.08,197.81,400.53428630999997
278,1520371500,198.0,198.71,198.71,198.26,664.8035460299999
279,1520371440,198.7,198.71,198.71,198.71,205.58324388
280,1520371380,198.12,198.71,198.12,198.71,242.35594448999993
281,1520371320,198.11,198.12,198.12,198.11,168.58525847
282,1520371260,198.18,198.88,198.88,198.18,704.7855536900001
283,1520371200,198.7,198.88,198.7,198.87,405.5902627499999
284,1520371140,198.29,198.7,198.3,198.69,557.3446205299999
285,1520371080,198.29,198.41,198.29,198.3,550.3672214300001
286,1520371020,197.97,198.29,197.97,198.28,307.60209291
287,1520370960,197.89,197.97,197.89,197.97,235.70897009999996
288,1520370900,197.7,197.9,197.7,197.9,310.30376184
289,1520370840,197.69,197.7,197.7,197.69,228.90265050999997
290,1520370780,197.67,197.7,197.67,197.7,284.10101865999997
291,1520370720,197.25,198.23,198.23,197.67,1121.4804648499999
292,1520370660,198.0,198.24,198.0,198.23,816.4439627700001
293,1520370600,197.83,198.0,197.83,198.0,696.2305800299999
294,1520370540,197.82,197.83,197.83,197.83,237.09280771000002
295,1520370480,197.19,197.83,197.19,197.83,654.4409327700001
296,1520370420,197.18,197.19,197.19,197.19,473.29655242000007
297,1520370360,196.76,197.19,197.0,197.19,354.74826718
298,1520370300,197.0,197.9,197.06,197.0,816.6748233900003
299,1520370240,196.4,197.13,196.4,197.0,1655.1058089100004
