,Time,Low,High,Open,Close,Volume
0,1520199840,211.21,211.21,211.21,211.21,0.2202
1,1520199780,211.2,211.21,211.2,211.21,39.930699999999995
2,1520199720,211.2,211.21,211.21,211.2,34.639187129999996
3,1520199660,211.2,211.21,211.21,211.21,20.763777750000003
4,1520199600,211.2,211.21,211.2,211.21,9.942400000000001
5,1520199540,211.21,211.21,211.21,211.21,12.720500000000001
6,1520199480,211.2,211.21,211.21,211.21,28.3544
7,1520199420,211.2,211.23,211.2,211.2,135.75940728
8,1520199360,211.32,211.35,211.35,211.33,16.34963505
9,1520199300,211.34,211.35,211.34,211.34,8.75733889
10,1520199240,211.35,211.36,211.35,211.35,18.945009489999997
11,1520199180,211.35,211.36,211.35,211.35,7.1683045100000005
12,1520199120,211.35,211.36,211.35,211.35,27.640558230000003
13,1520199060,211.35,211.36,211.36,211.36,6.5859384
14,1520199000,211.34,211.46,211.45,211.36,14.725089950000001
15,1520198940,211.45,211.46,211.46,211.46,32.61559542
16,1520198880,211.34,211.53,211.52,211.45,47.503222830000006
17,1520198820,211.53,211.59,211.58,211.53,22.16850605
18,1520198760,211.59,211.6,211.59,211.6,22.40611991
19,1520198700,211.59,211.6,211.6,211.6,16.05411419
20,1520198640,211.59,211.86,211.85,211.59,34.003575399999995
21,1520198580,211.85,211.86,211.86,211.86,6.07091212
22,1520198520,211.85,211.9,211.85,211.85,5.980200000000001
23,1520198460,211.8,211.95,211.81,211.9,7.715222390000001
24,1520198400,211.8,211.84,211.8,211.8,17.9452794
25,1520198340,211.8,211.84,211.81,211.81,15.55726571
26,1520198280,211.6,211.82,211.6,211.81,4.3441543000000005
27,1520198220,211.59,211.6,211.6,211.6,36.822314080000005
28,1520198160,211.59,211.6,211.59,211.6,25.84274612
29,1520198100,211.59,211.6,211.6,211.59,26.547001559999998
30,1520198040,211.57,211.6,211.57,211.59,1.22105575
31,1520197980,211.59,211.85,211.85,211.6,43.44350761
32,1520197920,211.84,211.85,211.85,211.85,97.6630848
33,1520197860,211.84,211.85,211.84,211.84,34.091581049999995
34,1520197800,211.84,211.99,211.99,211.84,69.55068911000001
35,1520197740,211.99,211.99,211.99,211.99,20.68644792
36,1520197680,211.77,212.0,211.77,211.99,47.765951519999994
37,1520197620,211.34,211.88,211.34,211.88,20.039474170000002
38,1520197560,211.33,211.65,211.65,211.33,101.09839729999999
39,1520197500,211.64,212.14,212.13,211.64,5.42450811
40,1520197440,212.17,212.64,212.63,212.17,88.87201411999999
41,1520197380,212.63,212.64,212.63,212.63,202.36463141
42,1520197320,212.63,212.64,212.64,212.63,53.60532556999999
43,1520197260,212.17,212.75,212.17,212.63,79.61678622
44,1520197200,212.0,212.17,212.01,212.17,64.23141349
45,1520197140,212.0,212.01,212.01,212.01,11.218051610000002
46,1520197080,211.99,212.01,212.0,212.01,9.683309399999997
47,1520197020,211.99,212.0,211.99,211.99,37.89878488
48,1520196960,211.99,212.0,211.99,211.99,21.4295517
49,1520196900,211.99,212.0,211.99,212.0,11.36569866
50,1520196840,211.99,212.0,212.0,211.99,21.44428778
51,1520196780,211.99,212.0,212.0,212.0,92.52785990000002
52,1520196720,211.53,212.0,211.53,211.99,135.47098523999998
53,1520196660,211.33,211.34,211.33,211.34,11.372400000000003
54,1520196600,211.33,211.34,211.34,211.34,35.475073859999995
55,1520196540,211.33,211.34,211.33,211.33,16.74975925
56,1520196480,211.33,211.34,211.34,211.34,8.9459507
57,1520196420,211.33,211.34,211.34,211.33,77.94497099999998
58,1520196360,211.33,211.34,211.33,211.33,22.92781394
59,1520196300,211.33,211.34,211.34,211.34,3.0917000000000003
60,1520196240,211.33,211.34,211.33,211.34,64.32727104
61,1520196180,211.33,211.34,211.34,211.34,40.394976410000005
62,1520196120,211.23,211.39,211.23,211.29,12.33649272
63,1520196060,211.23,211.24,211.24,211.24,6.119479999999999
64,1520196000,211.23,211.24,211.23,211.23,14.259839720000002
65,1520195940,211.23,211.24,211.23,211.24,36.95293343
66,1520195880,211.21,211.35,211.23,211.23,25.22126306
67,1520195820,211.2,211.61,211.61,211.25,120.14924173
68,1520195760,211.15,211.25,211.16,211.25,125.67343860999999
69,1520195700,211.15,211.16,211.15,211.15,50.52002451999999
70,1520195640,211.15,211.5,211.5,211.15,43.87844523
71,1520195580,211.5,211.63,211.62,211.5,36.11624274
72,1520195520,211.62,212.01,212.0,211.62,44.33499351999999
73,1520195460,212.0,212.02,212.01,212.0,26.89663343
74,1520195400,212.03,212.04,212.03,212.04,42.49614843
75,1520195340,212.03,212.05,212.05,212.04,52.46733768
76,1520195280,212.04,212.05,212.04,212.04,15.294821820000001
77,1520195220,212.04,212.05,212.05,212.04,40.31541471
78,1520195160,212.04,212.05,212.04,212.04,14.795413500000002
79,1520195100,212.04,212.15,212.15,212.04,21.09791257
80,1520195040,212.15,212.16,212.16,212.15,25.34132363
81,1520194980,212.16,212.17,212.16,212.16,77.55205393
82,1520194920,212.16,212.44,212.44,212.16,150.06357162999998
83,1520194860,212.43,212.44,212.43,212.44,59.39952661
84,1520194800,212.43,212.44,212.43,212.44,263.61457309
85,1520194740,212.43,212.44,212.44,212.43,24.261026639999997
86,1520194680,212.43,212.44,212.44,212.44,12.3495351
87,1520194620,212.43,212.44,212.44,212.43,57.560223640000004
88,1520194560,212.43,212.44,212.44,212.44,34.1638
89,1520194500,212.28,212.44,212.28,212.43,24.19530866
90,1520194440,212.21,212.31,212.22,212.28,66.57065493
91,1520194380,212.09,212.61,212.61,212.21,80.58863039
92,1520194320,212.6,212.62,212.62,212.6,82.36687797
93,1520194260,212.36,212.62,212.36,212.61,204.33654219
94,1520194200,211.99,212.37,212.0,212.36,241.22385032000003
95,1520194140,211.99,212.0,211.99,211.99,33.61028146
96,1520194080,211.97,211.99,211.99,211.99,80.71625547000001
97,1520194020,211.93,211.97,211.93,211.97,58.77107626999999
98,1520193960,211.93,211.94,211.94,211.94,12.80432691
99,1520193900,211.93,211.94,211.94,211.93,48.94874772
100,1520193840,211.93,211.94,211.93,211.93,144.40069581999998
101,1520193780,211.93,211.94,211.94,211.94,34.06199004
102,1520193720,211.93,211.94,211.93,211.93,36.95198585
103,1520193660,211.93,211.94,211.93,211.94,16.43535218
104,1520193600,211.62,211.95,211.62,211.94,25.01809707
105,1520193540,211.62,211.63,211.62,211.62,48.59241698
106,1520193480,211.62,211.63,211.63,211.63,33.12464911
107,1520193420,211.62,211.63,211.62,211.63,42.57751975
108,1520193360,211.62,211.63,211.63,211.63,18.6159778
109,1520193300,211.62,211.63,211.62,211.62,34.76369279
110,1520193240,211.62,211.63,211.63,211.62,44.57216510000001
111,1520193180,211.62,211.63,211.63,211.63,20.23627669
112,1520193120,211.62,211.63,211.63,211.62,57.055980229999996
113,1520193060,211.62,211.63,211.63,211.62,30.14298024
114,1520193000,211.62,211.67,211.66,211.63,90.46172821999998
115,1520192940,211.68,211.83,211.82,211.68,28.73442147
116,1520192880,211.82,211.83,211.83,211.82,68.12815123000001
117,1520192820,211.82,211.83,211.83,211.82,54.484731350000004
118,1520192760,211.81,211.83,211.81,211.83,50.83091272000001
119,1520192700,211.71,211.8,211.8,211.72,78.27361662999999
120,1520192640,211.51,211.52,211.52,211.52,92.52068822
121,1520192580,211.52,211.52,211.52,211.52,34.111039389999995
122,1520192520,211.51,211.52,211.52,211.51,25.30655446
123,1520192460,211.42,211.52,211.42,211.52,53.42691945
124,1520192400,211.42,211.43,211.42,211.43,282.4961144900001
125,1520192340,211.26,211.43,211.26,211.42,84.71999278999999
126,1520192280,211.25,211.26,211.25,211.26,9.589978460000001
127,1520192220,211.2,211.26,211.2,211.25,69.09540663
128,1520192160,211.19,211.2,211.19,211.2,41.127519580000005
129,1520192100,211.19,211.2,211.19,211.2,36.73616829
130,1520192040,211.19,211.2,211.2,211.19,38.00979302
131,1520191980,211.19,211.2,211.19,211.19,12.654649659999999
132,1520191920,211.2,211.2,211.2,211.2,29.16268504
133,1520191860,211.2,211.2,211.2,211.2,138.26774239000002
134,1520191800,210.5,211.2,210.5,211.2,51.27435258999999
135,1520191740,210.49,210.5,210.49,210.5,4.08396477
136,1520191680,210.49,210.5,210.5,210.5,54.51670000000001
137,1520191620,210.36,210.5,210.36,210.5,217.43452870999997
138,1520191560,210.36,210.37,210.36,210.36,11.174180680000001
139,1520191500,210.36,210.37,210.37,210.37,51.739110700000005
140,1520191440,210.35,210.37,210.35,210.37,18.82956613
141,1520191380,210.31,210.42,210.41,210.31,26.04076843
142,1520191320,210.33,210.63,210.63,210.42,16.42557197
143,1520191260,210.22,210.69,210.23,210.63,14.170238570000002
144,1520191200,210.22,211.01,211.0,210.22,143.87538372
145,1520191140,211.0,211.01,211.01,211.01,18.29246908
146,1520191080,211.0,211.01,211.0,211.0,17.17728253
147,1520191020,211.0,211.01,211.01,211.01,10.81168347
148,1520190960,211.0,211.01,211.01,211.01,42.51666667
149,1520190900,211.01,211.01,211.01,211.01,8.00324164
150,1520190840,211.0,211.01,211.0,211.01,10.554854129999999
151,1520190780,211.0,211.01,211.01,211.01,54.88864469999999
152,1520190720,211.0,211.01,211.01,211.01,19.512338559999996
153,1520190660,211.0,211.01,211.0,211.01,25.86278382
154,1520190600,211.0,211.01,211.01,211.01,32.575709229999994
155,1520190540,211.0,211.01,211.01,211.01,95.07812297
156,1520190480,211.0,211.01,211.0,211.0,130.30697051
157,1520190420,211.0,211.2,211.2,211.01,45.91924832
158,1520190360,211.19,211.2,211.19,211.19,86.00754968999999
159,1520190300,211.16,211.2,211.16,211.19,255.20268151000002
160,1520190240,210.9,211.16,210.9,211.16,26.072845170000004
161,1520190180,210.82,210.9,210.82,210.9,5.81322242
162,1520190120,210.82,210.83,210.83,210.83,17.25077513
163,1520190060,210.82,210.83,210.82,210.83,56.28234870000001
164,1520190000,210.8,210.83,210.81,210.82,91.80041253
165,1520189940,210.72,210.83,210.72,210.8,20.50910993
166,1520189880,210.7,210.91,210.91,210.83,50.38163893000001
167,1520189820,210.9,210.92,210.92,210.91,36.95701773999999
168,1520189760,210.91,210.92,210.92,210.92,13.12079333
169,1520189700,210.91,210.93,210.93,210.91,17.4294325
170,1520189640,210.69,211.0,210.69,210.99,17.639787570000003
171,1520189580,210.69,210.72,210.72,210.7,8.426145550000001
172,1520189520,210.68,211.1,211.1,210.68,67.76567047
173,1520189460,211.16,211.19,211.19,211.16,60.070451950000006
174,1520189400,211.18,211.19,211.19,211.19,39.14539927
175,1520189340,211.11,211.19,211.11,211.19,52.711578970000005
176,1520189280,211.1,211.11,211.11,211.11,33.40853611
177,1520189220,210.98,211.11,210.98,211.11,236.14859853
178,1520189160,210.69,210.98,210.7,210.98,61.85119871
179,1520189100,210.69,210.7,210.7,210.69,40.814602179999994
180,1520189040,210.69,210.7,210.7,210.69,42.09370862
181,1520188980,210.7,210.7,210.7,210.7,6.5002999500000005
182,1520188920,210.69,210.7,210.7,210.7,37.12470043
183,1520188860,210.69,210.7,210.7,210.7,47.33030405
184,1520188800,210.65,210.7,210.66,210.7,82.36463718000002
185,1520188740,210.38,210.45,210.38,210.45,16.11073424
186,1520188680,210.19,210.34,210.2,210.34,101.59723488
187,1520188620,210.0,210.65,210.0,210.2,114.82310020000001
188,1520188560,209.85,210.0,209.85,210.0,239.67592656
189,1520188500,209.7,209.88,209.73,209.88,32.45858102
190,1520188440,209.22,209.88,209.22,209.7,47.442245830000005
191,1520188380,209.21,209.22,209.22,209.21,105.89209313999999
192,1520188320,209.21,210.51,210.51,209.21,36.91231569
193,1520188260,209.99,210.51,210.0,210.51,133.11954129999995
194,1520188200,209.77,210.0,209.77,210.0,129.83750665
195,1520188140,209.6,209.78,209.6,209.78,220.96332276000004
196,1520188080,209.44,209.51,209.44,209.51,25.40986873
197,1520188020,209.44,209.45,209.45,209.44,67.23635200000001
198,1520187960,209.24,209.45,209.24,209.44,59.54007009000001
199,1520187900,209.11,209.24,209.11,209.24,68.98907060999998
200,1520187840,209.1,209.11,209.11,209.11,9.95918228
201,1520187780,209.1,209.11,209.11,209.11,9.7134
202,1520187720,209.1,209.11,209.11,209.11,13.67403383
203,1520187660,209.02,209.12,209.12,209.11,46.5045847
204,1520187600,208.94,209.16,209.16,208.94,49.3905974
205,1520187540,209.14,209.16,209.14,209.15,20.76786665
206,1520187480,208.99,209.15,209.0,209.14,32.52896617
207,1520187420,208.98,209.0,208.98,209.0,41.770003949999996
208,1520187360,208.69,208.99,208.69,208.99,47.75336341
209,1520187300,208.41,208.7,208.42,208.69,56.91790865
210,1520187240,208.41,208.42,208.41,208.42,5.34526
211,1520187180,208.4,208.41,208.41,208.41,109.29269203999999
212,1520187120,208.4,208.41,208.4,208.41,17.028114690000002
213,1520187060,208.41,208.41,208.41,208.41,43.506984239999994
214,1520187000,208.4,208.41,208.41,208.41,19.647223
215,1520186940,208.4,208.41,208.4,208.41,20.936755999999995
216,1520186880,208.41,208.41,208.41,208.41,15.062753999999998
217,1520186820,208.4,208.41,208.41,208.41,29.227028940000004
218,1520186760,208.41,208.45,208.45,208.41,20.547822280000002
219,1520186700,208.44,208.45,208.45,208.45,18.973899999999997
220,1520186640,208.4,208.66,208.66,208.45,12.329999999999998
221,1520186580,208.65,208.74,208.73,208.66,25.49176999
222,1520186520,208.73,208.74,208.74,208.74,21.66367407
223,1520186460,208.73,208.74,208.74,208.74,30.61201279
224,1520186400,208.73,208.74,208.74,208.73,17.091293059999998
225,1520186340,208.74,208.76,208.76,208.74,10.0375796
226,1520186280,208.75,208.76,208.76,208.76,10.1471
227,1520186220,208.75,208.81,208.81,208.75,22.36658739
228,1520186160,208.8,208.81,208.8,208.81,36.0290467
229,1520186100,208.8,208.81,208.8,208.8,30.632423899999996
230,1520186040,208.8,208.81,208.81,208.8,12.6924
231,1520185980,208.8,208.81,208.81,208.8,20.79494554
232,1520185920,208.8,208.81,208.81,208.8,41.62712464
233,1520185860,208.8,208.81,208.81,208.8,41.044288419999994
234,1520185800,208.8,208.81,208.8,208.81,12.59813561
235,1520185740,208.8,208.81,208.81,208.8,26.766633339999995
236,1520185680,208.8,208.81,208.81,208.81,12.386499999999998
237,1520185620,208.8,208.81,208.81,208.8,26.02706387
238,1520185560,208.81,208.81,208.81,208.81,39.14502774
239,1520185500,208.8,208.81,208.81,208.81,66.04864633
240,1520185440,208.8,208.81,208.8,208.8,19.52015491
241,1520185380,208.8,208.81,208.81,208.81,10.01320469
242,1520185320,208.8,208.81,208.81,208.81,12.94298
243,1520185260,208.8,208.95,208.95,208.81,106.49787157
244,1520185200,208.95,208.96,208.96,208.95,29.293999999999997
245,1520185140,208.95,209.25,209.25,208.95,42.36592797
246,1520185080,209.24,209.25,209.25,209.24,35.153211999999996
247,1520185020,209.24,209.25,209.25,209.24,5.61007026
248,1520184960,209.24,209.25,209.25,209.24,161.75373287
249,1520184900,209.24,209.25,209.25,209.24,17.03600735
250,1520184840,209.24,209.25,209.25,209.24,6.76917865
251,1520184780,209.25,209.25,209.25,209.25,8.46514915
252,1520184720,209.24,209.25,209.25,209.24,11.80802621
253,1520184660,209.24,209.25,209.25,209.24,10.882570009999998
254,1520184600,209.24,209.25,209.25,209.24,14.682153060000001
255,1520184540,209.24,209.25,209.25,209.25,17.73993115
256,1520184480,209.24,209.25,209.24,209.24,14.016531149999999
257,1520184420,209.24,209.25,209.25,209.24,8.65366094
258,1520184360,209.24,209.25,209.25,209.24,14.329579719999998
259,1520184300,209.21,209.25,209.22,209.24,7.65268726
260,1520184240,209.19,209.2,209.2,209.19,11.78082942
261,1520184180,209.0,209.2,209.0,209.2,61.50701978000001
262,1520184120,209.01,209.01,209.01,209.01,15.818219880000001
263,1520184060,209.0,209.01,209.0,209.01,24.260112109999998
264,1520184000,209.0,209.0,209.0,209.0,5.29213737
265,1520183940,208.99,209.0,208.99,209.0,11.69464642
266,1520183880,208.99,209.0,208.99,209.0,39.622
267,1520183820,208.89,209.0,208.89,208.99,27.47343682
268,1520183760,208.79,209.0,208.79,209.0,7.81691152
269,1520183700,208.79,208.8,208.8,208.8,31.5394
270,1520183640,208.79,208.8,208.79,208.8,17.42737857
271,1520183580,208.79,208.92,208.92,208.79,12.80843995
272,1520183520,208.92,208.93,208.92,208.93,55.17571421
273,1520183460,208.92,208.93,208.93,208.92,12.859601979999999
274,1520183400,208.93,208.93,208.93,208.93,19.342100000000002
275,1520183340,208.97,208.98,208.98,208.97,9.7503
276,1520183280,208.83,208.98,208.83,208.98,7.93118431
277,1520183220,208.99,209.0,209.0,209.0,12.1616
278,1520183160,208.95,209.0,208.95,209.0,36.30027777
279,1520183100,208.94,209.0,209.0,208.95,2.61660794
280,1520183040,208.95,209.0,208.95,209.0,12.015259810000002
281,1520182980,208.99,209.0,209.0,209.0,5.96386883
282,1520182920,208.99,209.0,209.0,208.99,18.15669277
283,1520182860,209.0,209.05,209.05,209.0,39.25259814
284,1520182800,209.08,209.16,209.16,209.08,31.35342699
285,1520182740,209.15,209.16,209.16,209.15,5.968999999999999
286,1520182680,209.16,209.2,209.2,209.16,3.6102992600000006
287,1520182620,209.19,209.2,209.2,209.19,10.46500343
288,1520182560,209.19,209.2,209.2,209.19,8.39585617
289,1520182500,209.19,209.2,209.2,209.2,4.76183234
290,1520182440,209.19,209.2,209.2,209.19,33.67579713
291,1520182380,209.2,209.21,209.21,209.2,4.1184
292,1520182320,209.2,209.21,209.21,209.2,8.094100000000001
293,1520182260,209.21,209.21,209.21,209.21,4.97539355
294,1520182200,209.2,209.21,209.21,209.2,25.082267140000003
295,1520182140,209.2,209.21,209.21,209.21,19.258896229999998
296,1520182080,209.2,209.21,209.21,209.21,7.3256000000000006
297,1520182020,209.21,209.21,209.21,209.21,14.26634423
298,1520181960,209.2,209.21,209.21,209.21,31.839128199999998
299,1520181900,209.21,209.21,209.21,209.21,18.295259119999997
300,1520181840,209.2,209.21,209.2,209.2,65.12578463
301,1520181780,209.2,209.21,209.21,209.2,4.7202
302,1520181720,209.2,209.21,209.21,209.2,9.455558940000001
303,1520181660,209.2,209.21,209.21,209.21,17.10761434
304,1520181600,209.2,209.21,209.21,209.2,41.445468000000005
305,1520181540,209.2,209.27,209.27,209.2,46.14510017
306,1520181480,209.26,209.41,209.41,209.27,19.4064749
307,1520181420,209.4,209.47,209.47,209.41,28.53697897
308,1520181360,209.47,209.48,209.48,209.47,39.89233654
309,1520181300,209.62,209.63,209.63,209.62,5.35875336
310,1520181240,209.62,209.63,209.63,209.62,115.96759345
311,1520181180,209.62,209.63,209.62,209.62,38.316576839999996
312,1520181120,209.62,209.63,209.62,209.63,41.97798269
313,1520181060,209.62,209.63,209.62,209.62,7.38153785
314,1520181000,209.62,209.63,209.62,209.62,30.257832
315,1520180940,209.62,209.63,209.63,209.62,20.68822048
316,1520180880,209.62,209.63,209.63,209.63,30.42703339
317,1520180820,209.49,209.6,209.49,209.6,23.033192969999998
318,1520180760,209.5,209.5,209.5,209.5,7.395785
319,1520180700,209.49,209.5,209.5,209.5,6.35574817
320,1520180640,209.49,209.5,209.5,209.49,19.73061501
321,1520180580,209.48,209.5,209.49,209.5,12.18915316
322,1520180520,209.49,209.49,209.49,209.49,25.7577225
323,1520180460,209.48,209.49,209.48,209.49,55.49946015000001
324,1520180400,209.48,209.49,209.49,209.48,7.006660650000001
325,1520180340,209.48,209.49,209.48,209.49,15.302189409999999
326,1520180280,209.48,209.49,209.49,209.48,6.0244
327,1520180220,209.48,209.49,209.49,209.48,15.5134
328,1520180160,209.44,209.49,209.45,209.49,63.58829661
329,1520180100,209.31,209.45,209.31,209.44,5.594350909999999
330,1520180040,209.3,209.31,209.3,209.31,17.05769574
331,1520179980,209.3,209.41,209.41,209.31,34.408942939999996
332,1520179920,209.5,209.64,209.63,209.5,61.94035688
333,1520179860,209.63,209.64,209.63,209.63,25.70406532
334,1520179800,209.55,209.64,209.55,209.64,16.86214616
335,1520179740,209.5,209.54,209.51,209.54,44.502711
336,1520179680,209.49,209.51,209.51,209.51,6.29641096
337,1520179620,209.29,209.39,209.29,209.39,27.277918569999994
338,1520179560,209.29,209.3,209.3,209.29,38.904622690000004
339,1520179500,209.26,209.3,209.27,209.29,53.895020960000004
340,1520179440,209.26,209.27,209.26,209.26,30.83988237
341,1520179380,209.23,209.27,209.23,209.27,33.76148962
342,1520179320,209.0,209.23,209.0,209.23,38.15345225
343,1520179260,208.89,209.0,208.89,208.99,24.31887511
344,1520179200,208.85,208.9,208.86,208.9,6.50546143
345,1520179140,208.7,208.98,208.98,208.7,15.71930571
346,1520179080,208.65,209.0,208.66,208.98,25.652948340000005
347,1520179020,208.65,208.66,208.65,208.66,63.8167646
348,1520178960,208.65,208.66,208.65,208.65,7.4003
349,1520178900,208.65,208.66,208.66,208.66,8.61905281
350,1520178840,208.66,208.66,208.66,208.66,7.8726
